219.405453 107.22171 701.900786 72.175559
701.959131 60.225507 371.851838 94.151232
701.903254 178.125665 373.113903 169.780786
701.957682 189.789062 411.760946 178.180052
702.128933 304.04586 491.756459 270.104916
480.915767 437.407122 673.252330 515.310633
13.448277 295.577808 7.598697 100.565797
477.17246 428.643647 320.641551 365.583687
323.240226 371.597817 477.374908 435.672446
186.662648 219.429356 338.246087 243.629051
677.222993 507.229587 534.422946 451.75326
301.895728 300.554698 447.977387 343.625651
160.266404 436.100718 267.4015 516.58779
244.37714 113.156369 116.818873 120.950907
0.436584 428.280601 81.252062 526.139446
243.138628 335.626551 229.186962 458.245830
472.236648 2.150717 351.926033 29.595202
77.873127 525.832858 0.452218 432.017588
585.437452 383.782847 702.177317 417.064587
485.109546 429.412307 595.663608 478.0272
163.075457 168.002649 278.182780 173.059868
680.148743 505.602118 581.677324 467.384330
599.439938 277.681132 701.873822 293.132624
314.355438 173.513474 411.922760 178.426542
315.875502 266.987174 407.638216 294.064787
135.033976 438.553122 209.271788 498.253049
575.853411 371.037014 491.869432 348.145427
56.985600 47.395379 140.706667 60.086244
354.031705 446.266195 428.515887 486.144914
621.892839 385.558700 702.137347 407.149981
701.932947 404.161921 622.908519 382.671026
258.171139 391.878184 252.561806 473.172390
196.960408 111.668604 119.366316 118.018895
410.486134 256.462671 487.116826 269.166255
134.292948 525.383495 206.863209 500.59005
503.189623 96.198845 428.016813 104.664307
500.606089 35.540980 426.930911 52.123412
428.884443 38.502408 500.909617 21.856508
574.365108 205.714959 501.916427 197.748263
495.635903 186.736248 423.092704 181.036011
498.124048 133.071898 425.602538 134.372534
473.729739 478.162615 409.259805 445.854872
498.177191 110.161740 426.826573 114.894991
339.192044 244.184623 409.470986 256.319082
494.375139 158.146818 423.128014 158.599458
491.858909 207.070209 421.819610 201.296983
491.836211 197.403701 421.846114 192.268713
424.346602 147.086585 494.396766 145.170921
489.443072 216.172310 420.612456 209.504491
575.595998 127.675688 506.890197 132.110437
574.366646 159.109511 505.610990 158.526073
565.800129 273.219942 497.964323 262.934745
489.383575 225.564197 421.817093 216.035617
575.630424 91.939723 508.081035 97.600364
464.689775 502.527600 405.818468 471.507824
86.190773 401.119376 33.359432 361.561902
556.992083 318.858732 493.125119 304.374474
489.487252 18.629536 425.564148 32.851488
371.907217 169.813351 306.860850 167.231479
488.226522 47.379840 424.538350 60.187297
549.409527 414.276066 488.198650 392.913964
564.382673 224.312871 500.525981 216.426796
639.341380 285.848081 701.926981 295.280081
569.320662 191.307133 506.917919 186.336212
440.522165 0.200404 380.129059 14.827308
459.584384 511.476928 404.658467 482.586085
411.352831 338.725132 351.680913 321.883724
465.830335 410.095252 408.258740 387.779962
663.133970 267.674244 601.858486 266.454874
405.946297 463.729479 459.994222 490.630915
424.319003 105.356152 364.262380 107.570326
495.672435 261.557032 436.924549 252.792863
347.262153 468.702409 398.728226 498.327031
573.058905 66.237457 514.292563 72.329825
294.352254 152.720366 353.149602 153.358623
658.141232 225.129409 599.364652 226.394054
399.914736 467.109352 348.037053 439.540494
457.746619 492.628642 405.290202 466.291834
423.349441 34.253877 366.847652 45.487447
585.659224 117.769626 528.100002 119.971550
428.129082 26.896548 484.716234 16.176194
409.490054 392.800397 463.538734 411.957731
346.713818 493.392969 395.762885 522.895764
426.709779 48.637292 482.015153 36.250779
367.643007 42.385465 422.703835 29.046204
90.622481 126.844350 34.239633 131.477746
655.617031 201.723043 599.390553 204.671592
495.617066 141.248076 439.360256 141.960074
359.371636 178.523507 303.115092 178.048566
429.101110 55.525090 484.118801 44.362284
473.974172 463.889386 424.475510 437.933325
355.716389 286.488346 407.993633 306.177769
421.622072 205.651580 477.067501 211.202042
212.337619 322.492066 161.051510 300.863643
421.692223 197.130821 477.111680 200.806463
353.204289 327.897723 405.502580 346.142883
458.972288 417.350626 407.501366 397.219497
428.073184 64.096564 482.272372 54.010308
490.667036 166.979067 435.649362 164.960881
475.397822 10.780159 529.167109 -0.376893
366.514180 66.226225 420.454186 55.976112
419.466983 67.422254 365.763462 76.448781
365.669494 79.667068 419.503107 71.465913
426.738512 85.815403 480.719932 78.861988
359.204466 202.199757 413.268009 208.054410
360.512240 185.718221 414.615505 190.260041
365.607343 73.018001 419.137307 64.184595
351.138418 429.601933 399.601866 453.922934
455.974966 483.631802 406.918921 460.531728
358.148213 216.604148 412.038032 221.222744
414.310552 195.105907 360.537752 190.364490
413.117158 218.208410 359.488632 213.166373
415.634358 164.099652 361.861501 162.272205
255.641289 43.101000 254.595114 96.879282
414.400976 155.353002 360.645301 154.435548
355.528770 289.754302 407.254945 302.877402
472.038362 245.725962 419.359162 238.236399
413.255215 204.554739 360.621835 198.151018
201.331144 58.945980 253.550438 50.878929
359.580307 209.716682 412.080874 214.710727
359.453099 222.390192 411.892146 227.963680
555.635108 231.781877 503.210022 226.091677
306.474758 381.944088 304.269750 329.274744
261.496128 335.603802 258.552340 388.218846
221.814019 320.622480 219.644252 373.136125
653.096542 213.630596 600.577724 215.638330
392.846511 523.606424 347.356856 497.292017
650.625484 236.591075 598.123505 236.501497
369.256117 48.758102 420.761344 38.832508
353.112530 336.909149 402.167987 354.822667
282.370527 333.348046 261.011894 380.799148
248.051946 280.912616 197.801381 268.149105
356.831144 297.048127 407.089206 309.779399
423.067235 508.225840 378.804698 482.870573
420.708034 241.334051 470.869268 249.033642
421.872878 213.144999 472.103210 218.473877
413.905827 322.163546 461.898285 336.798641
428.064421 155.327633 478.183352 153.365483
359.426933 110.556213 309.358842 112.757484
359.515346 35.171037 310.525088 43.808301
641.921776 310.255938 593.162893 304.076029
356.926153 89.827066 308.094180 95.352629
269.350394 187.369456 220.596721 184.943252
355.649786 157.460528 306.874398 155.641140
646.876763 256.486270 598.122097 256.265209
276.205934 436.979648 284.768530 389.445889
352.860746 264.644215 305.489433 256.404382
297.374466 396.944914 290.709207 444.561758
309.227245 98.089120 356.958822 92.604486
421.715881 187.447578 469.398098 191.610435
306.775747 119.100704 354.480450 115.994471
114.308651 163.973675 161.908615 167.695031
469.433648 382.987418 425.647419 364.322406
299.061268 334.367772 298.841641 381.884090
290.826001 386.870608 289.788064 339.365975
488.167907 57.096187 441.959397 66.060063
356.950725 44.787412 310.654930 53.288003
198.066687 272.089720 243.453416 284.415708
344.067822 461.218791 385.791499 482.803148
478.067111 396.997705 435.586547 376.956507
304.296782 218.710493 350.720207 224.912339
309.220722 91.646910 355.746670 86.790686
348.200458 302.847864 303.137723 290.578271
499.403783 26.987791 454.160248 38.533460
350.666241 227.792712 304.353931 222.044753
304.422330 212.718374 350.771852 218.113362
355.656043 83.413151 309.271065 88.410234
350.641300 214.208436 304.345366 209.677814
304.397666 206.640643 350.698155 211.118603
351.736758 221.672946 305.629537 215.590610
307.978258 37.300662 353.670414 29.166916
351.959625 194.645285 305.730627 190.652144
386.090300 472.250586 345.130693 450.454864
354.336943 120.053120 308.042407 123.133884
350.888532 436.334303 392.589494 456.659050
472.079245 10.139249 427.272854 22.113703
353.125199 135.629642 306.853182 137.617011
494.357274 148.612516 448.103213 149.687788
368.123302 150.703007 414.378591 151.710086
243.143364 525.602266 207.299152 496.647344
201.237771 366.966766 160.684807 345.511956
350.687956 256.484091 305.648275 249.230477
580.601904 277.025928 625.693699 283.926056
310.437099 49.605200 355.296072 41.339802
304.314579 224.811205 349.486749 231.068235
399.465663 502.977951 360.778718 479.125678
350.515639 248.878437 305.555689 242.352511
702.034950 205.639749 656.981076 199.805808
75.317122 350.725300 80.110243 305.703275
546.801976 212.483435 501.849403 207.088271
310.542719 71.063839 355.586431 66.494774
305.691477 194.782341 350.805157 198.341342
405.626394 351.871245 363.377756 336.193853
470.699287 336.651419 427.936283 322.442981
308.064734 134.091313 353.044401 132.323849
305.550512 259.811004 349.719766 267.356959
464.390717 403.088499 423.235843 385.367579
293.009944 276.311018 337.194256 283.721451
305.426844 253.058342 349.612381 260.457417
422.963452 448.417650 462.182809 470.067392
421.182045 463.291898 460.949313 483.744415
421.233106 455.717721 460.813733 476.515824
305.500918 246.462919 349.580047 252.990335
25.873884 280.172379 64.599572 301.466594
290.964749 445.707909 280.544121 488.410300
110.914258 354.425474 111.461447 310.635452
545.639852 176.522631 589.364862 178.365538
144.250441 298.408867 184.231423 315.952210
355.612275 308.181616 398.208025 317.755615
364.592134 371.432374 403.733910 390.633743
305.764785 425.369045 344.025702 446.264585
401.951535 247.589917 359.252346 241.482520
414.354170 282.050830 457.142162 287.119884
486.776437 272.615859 444.198547 266.951324
487.034710 240.640115 444.438873 235.131130
693.106226 263.235795 650.762958 256.060837
454.313652 126.354361 497.037091 129.947910
59.329165 126.306103 101.855246 122.879825
433.639286 494.481571 471.079625 514.786725
75.514847 312.098010 37.416049 293.279618
307.446736 271.837036 348.580421 281.103364
201.930051 359.397087 217.574453 320.404114
363.066152 414.482401 399.900967 434.665072
434.326752 489.469815 471.692431 508.483779
481.991403 308.999267 441.960912 296.597690
130.892340 251.034051 170.829951 263.730303
485.415024 292.533867 445.848321 279.924257
480.300791 317.862635 440.858117 304.914859
245.655130 108.726061 204.321014 110.798028
575.662589 179.937563 534.399261 177.681303
115.629310 126.098942 156.878038 126.328036
428.177432 319.217666 467.178288 332.214924
302.135497 283.146426 342.190022 291.639273
463.154040 396.808305 425.682690 380.492508
435.423306 222.048865 475.851555 227.775624
430.667797 290.467601 469.915012 301.138936
271.609923 477.109147 275.836551 436.766204
563.210905 257.547534 523.167307 251.590604
410.717509 231.180907 370.597191 225.833649
468.211037 70.056512 428.061894 75.125126
364.395487 421.838618 399.520058 441.617396
693.139661 239.189121 653.093018 236.030486
585.685439 106.301504 545.607239 107.558856
369.321905 113.608250 409.303304 110.839644
353.168740 162.969152 313.129716 161.723428
574.371313 139.210647 534.363406 140.108225
484.060983 282.922633 445.755127 271.440867
702.016365 488.173873 688.968069 525.916464
342.080278 294.670455 303.244627 286.318733
537.969578 369.903899 575.869990 381.041303
286.508316 397.040274 279.291791 435.609431
530.824333 465.139959 494.538255 450.227750
293.520042 478.757459 326.456985 500.018972
650.594176 330.846234 611.898713 325.454805
314.293192 126.303536 353.189297 124.556578
363.196533 240.006266 401.863254 244.476601
59.209555 363.379770 91.775694 384.527922
378.158984 135.875772 416.949141 137.195029
186.815695 264.573017 149.654047 253.443277
291.807135 195.631971 253.102471 193.542280
432.261335 379.795392 467.242604 396.085615
408.524220 378.263187 444.609989 391.220565
556.868180 5.588551 519.280848 12.621832
553.165298 59.593139 515.786333 66.498326
414.007699 261.039991 376.933182 252.861259
361.883935 94.438148 324.426350 99.737929
550.541430 41.307946 513.117390 46.823363
428.280916 500.393173 459.638682 521.482939
108.399120 114.420247 106.656105 76.827192
251.884959 190.402257 289.477474 192.082997
21.789144 127.141817 59.377756 125.696694
106.083725 261.902522 103.832978 299.417476
409.381212 435.612049 443.155301 451.811828
434.632665 393.805751 468.278743 409.035341
429.732355 437.459830 462.248933 454.928971
351.059910 457.323701 383.501403 474.931496
115.139571 305.691841 110.147944 269.440689
289.356797 225.746267 253.171573 220.314731
89.034913 359.319074 94.970818 323.222981
315.663345 187.781025 352.018940 191.833768
447.027802 345.503786 410.809672 341.467796
289.442090 208.646248 253.154408 205.305559
288.103099 229.565037 251.901734 225.393024
291.888842 149.656831 255.542339 151.442008
407.991055 350.515933 444.329831 351.852787
540.629966 168.039455 504.357079 165.933700
400.189696 445.129859 368.768010 427.009958
289.381431 201.743177 253.156668 199.975893
543.125000 150.625000 506.875000 150.625000
353.122329 143.394606 316.875887 143.035458
253.199183 57.161639 218.273925 66.200436
402.849857 432.355171 371.775236 414.549105
361.378526 483.116324 392.096007 501.505834
535.651346 338.003345 500.667847 330.427152
488.139635 234.301953 453.045661 227.271007
560.493388 299.923610 525.696759 291.575880
428.013535 80.033069 463.178890 73.411182
530.409490 304.129860 495.667093 296.678735
250.765415 290.045633 216.276477 281.686931
254.305298 131.153501 289.460234 127.757277
378.376839 481.370170 346.862934 465.649188
626.864772 318.212232 591.905704 314.113138
554.333578 16.525996 519.380859 20.674364
460.699669 122.663995 425.658616 125.980203
290.586712 123.945238 255.530865 127.068370
488.119124 75.558905 453.062802 78.675338
483.024719 299.689717 449.492832 289.005200
289.416858 131.134138 254.345608 134.017498
254.411765 182.647637 289.492493 185.349449
551.834048 32.832666 516.992454 37.713446
254.384373 196.702570 289.416754 198.606866
290.624741 155.620144 255.591025 157.487639
279.353020 172.767708 314.424090 173.631212
424.358750 162.095528 459.409210 161.542249
255.596618 159.594366 290.604493 158.630317
210.765407 418.119956 210.924496 383.120679
386.635565 53.941384 421.110457 49.038556
479.408636 326.787930 446.927121 314.240078
317.272798 337.096848 349.747748 349.661593
315.730257 331.585112 348.454644 343.467122
314.452609 325.401887 347.323402 336.835926
439.515890 467.802543 407.772027 453.932858
257.825292 428.063782 264.743360 394.194916
337.087748 280.703668 303.096857 274.529946
421.886273 43.193238 388.027791 48.786557
549.363603 51.804082 515.484189 57.248816
99.201703 306.643848 96.258722 340.679796
316.008139 342.173856 347.660828 354.924183
694.348818 253.306234 660.581215 248.428088
256.870692 124.341232 290.707824 120.024179
442.775118 335.436889 410.485678 324.797842
254.529388 218.260991 288.153294 222.920841
250.084816 93.170350 252.247570 59.318941
161.204331 343.209982 162.776888 309.358828
255.615265 136.724013 289.386061 134.546555
543.146796 109.747400 509.366194 111.724539
254.378120 167.950012 288.139675 168.551999
498.125435 122.637299 464.374733 122.656566
418.110000 274.923733 451.834800 275.845623
411.833252 324.529982 379.334441 315.775566
378.275203 317.577713 410.731908 326.485466
454.605399 323.395640 421.859251 315.691944
406.885696 396.851642 376.320605 382.855880
348.316655 403.803735 380.174539 414.491823
375.227063 521.785866 346.917351 503.772987
455.596473 521.916309 428.209170 503.003118
113.377264 420.800237 86.112805 401.713773
402.795966 358.934843 372.050465 346.443132
390.586811 122.926881 358.089534 129.191007
400.408533 452.246763 371.871763 435.630560
328.403339 487.609010 299.343521 471.933356
440.594049 438.192808 410.572756 424.489456
183.799294 449.781298 158.026866 429.183742
405.444440 413.453359 376.017865 398.569641
378.440466 235.122356 410.792304 240.945506
379.457101 197.264743 412.136633 200.383598
376.253614 260.273068 408.298825 267.336381
407.642170 364.678366 438.973413 374.416992
351.969800 345.271562 383.624678 353.762066
419.218587 235.698761 451.708083 239.537660
451.856875 248.289809 419.337765 244.713588
413.109441 211.985170 380.725733 207.411730
113.153352 168.909015 80.545899 166.925081
84.714812 300.598710 87.229174 333.097598
253.153527 116.063849 220.628451 118.178094
658.125000 248.125000 625.625000 248.125000
383.152980 127.520809 415.645581 128.011119
317.560376 347.886872 347.060007 361.473302
467.859447 360.104952 498.369029 371.204216
392.053772 452.778089 363.228694 437.923780
350.057540 351.505064 381.178871 359.795943
65.518727 87.752219 96.229955 78.997050
371.887312 433.102823 399.804723 448.600920
292.910701 443.083376 298.987030 411.799644
342.032500 55.247689 310.675862 60.906820
526.939141 292.762312 495.565082 287.213805
419.426751 59.702188 387.975030 64.676831
411.905532 225.412544 380.583849 220.911347
419.470333 75.268122 388.044682 78.622543
421.961973 385.321249 391.588814 376.624498
413.059009 235.732870 415.923792 204.288339
426.587118 306.795192 457.194799 314.325073
621.819007 337.315393 590.596941 333.345689
500.611468 65.495907 469.312300 68.776862
448.166253 288.900558 416.827124 286.175619
451.910360 227.638570 420.553460 225.359137
305.616957 200.747715 336.978021 202.803153
308.060087 183.238450 339.421962 181.447255
380.989814 410.857916 351.544545 400.296293
574.371387 168.201024 543.132546 166.716232
416.867876 132.185679 385.605651 131.468811
251.872168 178.427940 220.613216 178.135767
519.246849 394.793626 489.368237 385.647093
408.123101 283.131859 378.008715 274.795046
320.226100 313.524605 348.836955 325.117996
318.757596 354.195169 346.963772 366.674353
317.294862 392.311829 344.611838 406.416302
426.646348 110.716664 457.201665 107.815686
361.707536 124.701166 391.850024 119.237218
440.646118 360.508495 410.503581 355.044864
84.254931 201.373762 114.479945 206.220550
449.262283 525.791803 423.981044 508.707991
310.127026 435.171823 335.970272 451.322519
445.669964 314.097232 415.647299 309.237246
284.575168 115.708352 254.502306 120.223009
419.405525 53.353363 389.275520 57.380763
250.717122 193.635408 220.562176 189.879379
360.526746 146.070951 390.687365 142.385352
220.597598 187.135251 250.789341 190.314169
159.261081 429.456647 161.431708 399.253308
398.222644 240.986028 368.173284 237.685415
390.940582 374.908537 363.297811 362.732669
325.549566 75.212019 355.714303 73.843718
331.906635 148.571098 301.792148 150.706677
389.425062 233.589265 359.308392 231.670438
251.758906 242.460614 222.178038 236.596387
127.872165 237.837176 156.915954 245.469148
218.132130 165.462460 188.135016 164.146661
695.622383 96.715910 665.609942 97.209578
182.810163 400.630867 182.998469 370.616364
659.375000 169.375000 629.375000 169.375000
205.807102 417.835269 180.565154 401.970217
402.992185 493.357434 428.838541 508.126260
491.804245 350.881224 520.441547 358.789332
306.079939 413.313182 333.387191 425.013052
347.199148 351.036805 319.492205 340.321928
562.006103 288.817931 533.092463 282.013253
166.706831 75.062150 195.157858 66.561509
269.312856 243.307176 241.267891 233.740372
400.330249 438.623041 374.862759 423.550834
442.785961 300.193494 470.053031 311.488124
521.927966 320.383242 493.188157 314.086726
68.173613 297.133172 73.909591 268.280981
250.693122 65.982662 221.800843 71.485656
220.485395 74.773606 249.480632 70.019206
349.464931 396.566345 377.643756 404.776684
299.573031 181.725673 270.520393 177.614170
389.397171 379.318465 362.163840 368.638474
563.096687 242.026093 534.416819 236.651830
221.753764 68.766271 250.364702 63.068037
595.799435 276.488940 566.845477 273.401900
219.429031 192.634108 248.242714 195.805518
249.406477 79.661928 220.591868 82.822983
248.124836 198.126624 219.290674 195.208124
219.329696 91.395569 248.176471 88.669696
546.806426 26.191338 518.094535 29.071275
349.528551 291.369137 321.916661 282.987749
470.484738 64.248620 499.191388 61.323231
248.077819 96.437904 219.392192 99.534273
248.343288 261.133085 220.664878 252.989462
356.918205 70.097859 328.121654 71.819023
220.630459 181.772497 249.431911 183.306445
135.602530 455.687119 108.485517 445.878329
220.681223 250.416034 248.520177 257.906240
376.989510 355.184449 349.099443 347.935143
157.041645 261.208847 129.101254 254.219286
219.168344 261.453578 247.112410 268.423115
416.895406 116.426615 388.148059 115.118324
189.354634 163.635204 160.600554 162.487418
372.216576 501.384120 395.837026 517.820297
395.431243 520.898544 371.951346 504.267215
429.317847 508.205587 452.787740 524.850546
290.453352 64.379822 290.581922 35.624807
212.576310 431.997286 188.162513 416.814679
259.370239 387.865532 288.110560 387.338129
418.050383 183.020039 389.421956 181.154442
321.190854 320.545551 347.468675 331.730186
348.441706 328.610764 322.060224 317.678041
413.892985 422.674061 439.917190 434.424152
131.607558 280.053585 158.166089 290.520744
183.916060 315.551609 210.508368 325.924015
302.052025 470.305605 327.006965 484.136905
157.760998 348.797694 182.854006 362.375809
374.799068 473.617713 349.905467 459.677710
247.099028 270.936262 219.387422 264.322949
448.023394 229.850423 475.855061 235.798526
157.937567 214.143497 185.649244 219.243259
409.242349 273.580081 382.216786 265.702445
156.792451 292.092268 130.533644 282.115447
349.228653 340.990859 323.151154 330.559615
187.046269 420.334185 211.239201 434.582087
317.921173 498.558600 292.571924 486.642435
272.058056 362.582219 284.731333 337.670369
426.650527 526.084645 401.535802 513.819563
383.104762 283.251751 355.509927 278.845694
219.449545 217.655574 247.047592 222.038147
408.508536 481.151178 433.199527 494.234349
92.389438 299.452724 96.563127 271.827881
353.177570 307.764523 325.536264 303.733469
115.510088 75.848085 143.222582 72.747044
246.905388 214.138292 219.377654 210.604325
336.825912 77.738507 309.293756 81.235323
247.891378 225.689575 220.587290 220.837191
416.903952 83.442153 389.291728 85.962808
488.533067 258.151364 490.317940 230.524404
20.680089 94.082121 48.304414 92.492136
100.060145 295.691065 102.710419 268.205555
355.543448 268.071220 383.085874 269.948911
246.801096 208.763925 219.378814 205.592024
361.876063 166.896677 389.432397 165.546028
324.377004 139.332842 351.933576 140.642595
389.390978 180.563042 361.862335 180.933271
451.879555 168.013483 479.384723 169.136974
394.338189 146.211328 366.853412 147.735783
314.347626 500.659805 335.979898 517.673768
310.223893 351.905496 312.309856 379.341938
445.592739 271.815462 418.112920 271.070769
296.917471 510.553999 320.466401 524.640142
343.292254 434.072151 319.274104 420.807694
278.428213 300.387440 297.389257 320.185316
468.693371 342.527979 442.605775 334.500221
245.853607 276.007920 219.460836 269.049435
118.275713 230.151073 144.280881 238.420963
356.659784 302.851388 383.270069 308.716855
375.937569 398.284076 350.301686 389.246401
317.218247 466.370455 339.575490 481.580296
340.672711 478.056588 318.497201 462.591305
446.707559 250.084915 472.970663 256.279354
219.475335 271.474343 245.649065 278.028903
221.726545 233.866030 248.167456 239.163077
408.817189 384.637412 434.070240 393.951304
408.139566 504.346607 432.017978 516.596291
403.098406 424.423207 379.602947 411.461795
371.563412 503.689571 348.070496 490.723756
445.223254 391.477898 469.479375 402.903415
426.134235 515.773441 401.805016 504.526387
280.205539 502.395056 259.390242 485.606103
343.169184 269.146822 316.934673 264.066834
383.204991 230.160031 409.535876 234.689866
367.443503 86.792449 393.432081 80.680802
219.241062 207.927965 245.698975 211.293443
219.221386 213.115458 245.684741 216.392583
388.025471 138.707492 361.799395 142.617944
246.901789 219.197608 220.683398 215.238291
648.136879 360.548995 621.940708 356.454599
223.040733 79.856634 249.385138 76.967439
350.504723 208.802251 324.411721 204.168233
355.678711 62.371977 329.331177 65.219514
23.384795 249.906694 48.291423 258.914857
693.725475 526.233665 702.000007 501.077272
534.517805 441.439727 509.355500 433.184438
378.266406 362.637305 352.864862 355.272191
219.076374 286.766941 244.617882 293.446223
351.163170 423.177273 375.234847 433.993308
419.415985 247.695441 445.665551 250.199990
457.413803 463.477744 434.808433 449.903213
444.352531 280.833042 418.138304 278.001821
26.910476 44.069428 53.097749 47.109723
574.310448 216.115555 548.183876 212.677575
248.133151 132.034815 221.824082 133.376694
443.661088 366.947226 466.830620 379.457196
183.125834 355.676492 184.208843 329.368160
339.498605 514.666898 318.278403 499.165010
221.895421 158.573823 248.160219 159.243288
221.872847 147.347090 248.133702 147.466857
63.114462 162.113922 89.371994 162.299754
93.367051 160.493110 91.054980 134.336992
408.409808 358.064085 433.995283 363.622760
383.621673 271.591321 408.446953 279.630839
96.992935 341.577790 90.369107 366.807818
91.778396 387.015384 113.204495 401.759478
136.773852 377.022370 158.217469 391.740275
379.780407 415.845844 402.238568 428.741853
346.944061 369.215191 323.289978 358.993232
304.405928 289.218922 329.653050 294.221821
320.484526 407.142711 343.269952 419.098756
180.184607 401.241279 159.377381 386.372438
308.436941 65.830604 333.363673 60.488714
521.977165 281.228084 496.815091 277.254350
386.926429 115.963878 361.747532 119.785079
50.675977 197.646639 25.429850 194.956250
444.476465 235.913257 419.229966 233.249713
184.258886 230.530912 209.506383 233.067089
307.142305 466.445764 328.624127 479.823507
340.299248 484.849042 319.447195 470.519940
451.886928 79.456551 426.873551 83.115096
249.388827 73.225066 224.348743 76.684971
515.785208 69.071076 540.705615 64.851057
416.800787 312.290530 441.677039 316.733407
400.985459 465.654430 403.037904 440.515833
220.528278 255.983999 244.868883 262.541872
448.075885 121.119269 473.213424 119.485592
454.385067 434.354968 431.902890 423.056892
370.814261 491.498606 348.339781 480.197853
348.092689 396.944307 325.301415 386.319096
433.533442 449.726910 410.650103 439.319804
308.336810 325.605347 310.658008 350.621937
415.623741 141.888603 390.606707 139.572595
381.901934 265.229817 356.847926 263.522243
381.109505 361.167710 404.202665 371.028591
221.888120 162.904261 246.948182 164.393745
328.110546 164.627473 353.171532 166.062197
443.117787 264.503955 418.056360 263.102171
391.831778 119.769631 416.882187 120.143681
248.160413 144.895905 223.158683 143.681532
266.883455 146.690462 291.888237 147.836096
248.110073 125.242959 223.099415 126.220166
261.726831 373.114811 263.443738 348.146918
416.882379 124.131201 391.867460 123.374126
353.114180 129.524675 328.154253 127.720331
63.230608 363.127743 63.880346 338.112152
310.572355 147.564918 335.469874 145.224651
246.874527 150.141140 221.873329 150.165575
338.207405 490.513754 318.118866 475.633281
246.878766 161.526918 221.881693 161.256441
423.118567 231.303070 448.115405 231.021930
341.612836 472.236154 321.383741 457.551754
111.178225 268.775519 103.320939 245.140984
301.787571 407.142910 325.463675 414.869347
358.241127 365.269577 381.914426 373.004332
348.122896 278.132384 324.180086 271.308935
550.468391 404.809718 527.055131 396.374990
272.187827 316.177015 259.675417 294.934325
342.678667 465.088231 321.787531 452.014774
408.031281 313.475207 384.307681 307.126557
241.815099 295.844088 218.127036 289.367555
559.038449 311.676811 535.680109 304.202770
426.772924 132.577032 450.851633 128.091614
136.061428 438.461019 116.860582 423.497469
576.74664 369.992847 600.297164 375.954864
351.876043 189.369825 328.085087 184.572954
453.091379 37.931807 429.194951 42.090384
440.819735 296.856492 416.866659 293.179331
331.695153 61.865180 355.670336 58.442576
374.235345 423.455046 352.011892 414.051484
348.843519 359.269207 326.993484 349.119921
347.961341 482.183651 369.204063 493.447377
346.636738 403.568918 325.451500 392.198255
346.237487 410.531430 325.183931 398.925085
511.101720 525.923832 489.594242 515.185872
100.553683 363.115597 103.695559 339.285420
406.862926 488.145956 427.682970 500.142166
356.757818 260.065497 380.731076 258.513011
416.767672 297.826698 440.637002 300.518575
136.371754 417.517076 155.269413 432.328682
19.773013 163.094965 21.576347 186.991866
450.371628 276.238845 472.495842 285.370885
390.734243 158.873147 414.469893 160.353265
326.906540 185.222567 303.142932 186.106878
446.891039 150.387482 423.127201 150.763926
94.090255 198.129398 93.723226 174.365760
161.000857 298.128100 161.196787 274.369407
660.625000 140.625000 636.875000 140.625000
114.932315 138.120030 114.761917 161.868807
76.009404 265.629499 75.731454 289.376246
424.381514 168.007330 448.123537 167.870749
407.999959 319.757659 385.456344 312.391136
348.114112 318.160095 325.467099 311.133954
311.939605 58.351288 334.723728 51.846474
622.044555 382.529955 599.257621 376.036936
410.771034 24.975285 387.805627 30.562192
182.835552 408.592507 202.888091 421.007648
317.069843 525.296040 296.783073 513.280204
334.750978 411.078445 313.512597 401.053829
462.335379 370.902511 441.108510 360.853650
324.475248 389.176982 345.419788 399.780349
344.538616 372.730021 322.865252 363.752048
388.313782 57.619906 365.683324 63.355140
309.237765 86.275819 331.976423 81.067824
287.701843 478.287275 292.185700 455.440654
430.389881 71.347371 453.315477 68.315108
384.397648 131.992775 361.772803 136.343557
347.045173 238.291789 324.320529 234.721728
481.959231 430.432817 503.002010 439.655615
391.731814 142.990589 414.498512 145.912697
314.301978 398.279466 335.051338 408.088487
317.004209 517.879719 296.709606 507.188972
333.098782 82.895190 355.872795 80.297017
416.546423 154.479427 419.127463 131.705281
395.523776 82.003990 418.289639 79.948301
378.115707 315.674610 355.699765 311.475853
439.452449 305.045447 416.854873 302.025613
284.556309 32.970642 307.163633 35.889344
263.664094 287.413173 272.071488 308.544161
417.989980 267.664591 440.638972 269.163941
206.884311 240.532351 184.360541 238.268879
391.894762 166.495486 414.463747 167.670704
166.876830 61.940610 144.324643 62.569676
46.822622 262.016423 25.693183 254.190902
520.595692 258.532222 498.122135 256.914813
160.977129 375.651694 162.680203 353.186041
604.369069 179.178796 581.851859 179.859458
157.871897 103.135641 158.112314 80.611522
316.163247 451.117304 334.526332 464.161968
113.872138 179.357224 114.407875 201.874218
304.360023 165.093456 326.879448 164.904137
268.120454 153.219447 290.629941 153.130895
329.197500 128.070367 306.939443 131.098657
211.873489 328.124166 201.026899 347.786269
213.069612 173.964521 190.667125 172.486509
474.097733 516.155770 493.913985 526.507516
384.289506 309.656281 405.481406 316.097436
548.096749 381.967618 526.911465 375.505455
248.317100 248.693198 226.998517 242.686612
94.547115 251.826827 100.516712 273.155309
387.061177 65.135796 365.568781 70.395267
104.864081 271.706098 97.641478 250.791982
319.131808 510.915062 336.059146 525.107181
361.798355 132.745524 383.428323 128.376768
139.352776 363.161185 157.984274 374.604131
343.238642 457.914831 324.023587 447.524899
207.010230 67.440917 185.777825 72.514550
400.569917 517.002685 420.614267 525.649880
241.956984 264.037104 220.742713 258.889850
289.304674 215.940936 267.997443 211.198045
679.267905 358.546435 658.113397 353.170659
324.441468 300.295810 345.829079 304.614278
324.784500 303.341924 304.502840 295.302488
347.304687 364.782585 327.872151 354.870718
439.285799 140.109525 460.758043 136.393828
39.259664 191.312019 60.743569 194.918724
411.880196 238.095667 390.632606 234.332063
631.779333 141.267469 610.467288 144.623457
351.858453 234.493087 330.502308 231.500606
267.134372 208.162706 288.221425 212.674312
377.017820 274.543281 355.645272 271.721460
158.228795 121.710647 136.815996 123.757847
370.424791 493.416212 388.143592 505.597957
99.222603 274.248333 97.288448 295.662343
529.357619 81.729300 508.111728 84.263746
209.357484 96.737858 188.134391 99.448529
244.465897 167.126647 223.164856 165.187252
354.373446 150.644109 333.061065 148.911402
159.403606 170.248315 138.086690 168.629470
591.924653 37.703290 570.601413 38.981531
387.840553 31.550503 366.824810 35.347184
342.642124 384.292356 322.915151 376.132310
432.049326 423.843616 411.771267 417.191203
273.786124 76.886411 273.373568 55.595961
380.557393 207.951147 359.312711 206.616496
285.629916 383.229253 264.368253 384.231934
312.056167 511.666261 328.131142 525.617923
683.147955 226.556015 661.917943 225.028260
365.402290 59.810125 385.919528 54.202651
158.111233 178.251687 136.974998 175.954804
513.125581 124.478739 534.381916 124.359678
287.642689 331.133138 272.228586 316.502480
290.624990 138.149771 269.374993 138.140775
114.877854 394.373360 114.808567 373.123586
326.870682 198.496022 305.621195 198.600408
81.044705 305.627374 81.164883 284.378053
344.032171 438.779130 325.210986 428.914953
211.882816 128.883778 190.638194 128.545753
290.625286 144.362665 269.386678 143.870775
139.530953 359.102356 157.968486 369.648626
317.005033 511.594209 297.752849 502.678617
385.078506 355.561691 404.347230 364.435302
291.822213 101.154695 270.776844 102.696991
489.174279 347.505129 469.209208 341.145475
209.479530 292.746958 189.294612 287.165728
209.565488 287.405741 189.329585 282.046483
118.284135 365.355689 136.182392 375.931700
448.796733 379.198936 467.059386 389.032565
385.409129 369.844592 404.208710 378.486737
384.488386 311.288727 364.277355 307.379882
333.293850 525.416585 317.369176 512.515028
288.052166 221.011801 268.055068 217.246389
331.407054 181.461038 351.249764 185.912214
208.059479 75.156525 187.928777 77.972000
385.671823 79.711979 365.539456 82.509346
269.364166 318.135681 283.631820 332.607686
414.418979 148.978931 394.251245 146.739512
138.139608 172.980767 158.312482 175.023859
22.140583 255.598767 24.133267 275.772349
113.193790 117.649654 93.019870 119.441122
369.189928 427.329443 350.487414 419.712841
341.769747 332.114248 323.295743 323.986890
371.676868 377.425504 352.687353 370.590990
340.069718 494.464714 342.651120 474.475227
619.322395 356.076796 599.302719 353.745781
188.091008 303.228326 207.236308 309.526728
325.771782 415.361352 343.381073 425.165044
364.731641 493.726997 347.075960 484.009864
135.622390 104.348374 155.674746 102.382388
674.374574 314.377801 654.455459 311.346323
138.247374 218.103692 158.302199 220.034129
323.165859 271.433927 303.106406 269.575722
208.145833 102.107012 188.083110 103.908480
23.617623 231.694763 21.816244 251.757490
518.155728 251.491120 498.084220 249.884457
269.314617 140.486347 289.391182 141.577167
386.836136 88.586061 406.910575 87.597180
159.756138 209.392747 160.690815 189.319859
89.349402 163.819372 109.414296 164.559068
268.439399 214.171308 288.062224 218.415260
316.243332 505.519816 297.982273 497.187810
158.141140 182.878477 138.145016 181.569281
460.657773 162.326810 480.675350 163.148702
379.396328 220.953989 359.378117 220.490415
136.866601 122.700851 116.849697 123.097238
299.595713 410.624712 299.569585 390.623113
454.300594 69.066995 473.728616 64.373672
359.321793 195.221242 379.243042 196.473769
304.449734 117.042363 284.544584 115.668315
208.401587 307.295796 189.652848 301.042015
445.458879 437.135353 462.108603 447.758886
25.710313 220.328563 44.687251 225.790020
384.412583 49.510242 365.394420 54.795258
189.269577 284.781282 208.356216 289.733935
444.042574 452.444150 461.058529 462.382752
189.182053 290.175261 208.326085 294.790986
462.773431 273.562568 481.991408 277.566230
159.181515 336.021146 141.601586 327.434794
354.526842 491.586619 371.835436 500.700140
382.187443 373.794585 399.407631 383.064383
301.771887 318.221463 288.494777 304.029071
214.372768 291.883148 233.088096 297.009722
267.617013 437.984460 272.791069 419.282615
205.791141 326.274978 187.090445 321.096915
557.029290 328.747754 538.189325 324.113495
51.778674 95.144558 32.789529 98.951788
288.958650 244.683236 270.140523 240.125188
90.178224 278.057593 87.300992 297.127866
215.887953 368.325835 218.420385 349.248281
257.873749 98.528354 276.948995 96.242475
186.600724 75.502686 205.351215 71.755143
406.760516 445.604869 403.449947 464.432138
457.687960 448.819585 441.539228 438.658641
456.864021 478.143368 440.487859 468.354427
387.873006 502.253242 372.004200 491.681071
355.727744 76.510779 336.797464 78.706546
455.621737 240.653212 474.552218 242.842889
388.004333 508.297942 372.382278 497.397959
139.309939 178.720339 158.243629 180.789499
257.197795 347.999012 250.278947 330.272186
230.419061 246.273439 248.479352 252.009256
218.556767 348.173775 217.429750 329.267418
83.021043 43.908420 101.772600 46.396687
139.437293 205.233795 158.111874 208.207433
156.907691 215.320969 138.106253 213.299347
289.411477 189.025295 270.605322 187.063648
158.147951 196.648827 139.337955 194.740063
253.014441 222.978011 271.826030 224.863560
139.341754 188.536675 158.170848 190.057279
138.059606 141.506593 156.891432 142.903476
272.702415 408.181850 273.990502 389.434467
135.642985 167.843913 116.889779 166.644016
156.855156 129.036520 138.096348 130.136280
23.135510 164.178993 41.898589 165.185070
156.899839 145.139149 138.134981 144.179783
139.414929 192.640340 158.140810 194.183096
515.626574 240.643511 534.347504 239.051642
209.392845 121.902661 190.611591 122.164976
138.140041 156.447376 156.910785 157.107615
526.877453 120.703869 508.106733 121.287712
181.882846 171.579624 163.112886 171.081074
533.125000 140.625000 514.375000 140.625000
701.875000 140.625000 683.125000 140.625000
136.883434 147.326416 155.631343 147.524422
23.114080 157.581476 41.859601 157.871235
460.628760 137.221254 479.368034 137.299225
339.719332 448.876301 324.301758 438.231077
519.650682 364.656243 537.654160 369.779550
255.685123 246.566975 274.352507 246.054950
369.464428 414.121103 351.937449 407.947700
189.426669 307.984853 206.861165 314.412526
478.088818 420.720229 460.721286 414.121577
367.342454 361.921234 384.658310 368.645432
330.473985 294.851680 348.177219 300.460170
499.123343 371.454161 516.884190 376.844722
141.560712 325.017428 158.126584 333.121763
414.340808 516.945686 430.939544 524.974733
450.455355 318.486787 467.139801 326.310283
509.213452 341.176176 491.748324 336.057197
556.799787 344.623584 539.381529 339.353421
374.351898 304.468233 356.696962 300.093501
85.527248 385.770679 70.557401 375.725742
208.132549 435.613286 192.980990 425.848453
26.340735 310.310237 41.957107 319.231270
373.109926 160.554899 390.607243 156.792422
143.004083 320.885689 159.239817 328.416443
464.315881 75.335330 481.850838 71.756609
136.836270 223.335401 119.242148 220.096720
404.338124 388.198928 388.330022 380.213975
343.200919 201.453710 325.596829 198.281326
188.021303 87.540792 205.632080 84.414889
365.544816 92.655228 383.171357 89.646588
178.194943 76.035144 160.568063 79.041123
188.053802 92.703352 205.684323 89.726319
153.407570 432.576004 135.754087 429.803159
182.004260 221.050570 164.350283 218.282645
138.025648 94.986673 155.681597 92.238628
295.698469 516.738574 311.426209 525.208370
187.982883 97.106629 205.661906 94.639459
180.686695 213.900791 162.998217 211.599497
182.375767 308.183601 184.446660 290.487107
118.067246 170.015796 135.761495 171.610549
137.977595 108.980032 155.671551 107.394481
320.608385 283.244218 303.100027 280.804196
326.956074 72.489634 309.431230 74.801282
134.366141 198.181186 116.906042 195.428131
116.901461 144.161203 134.442188 146.332129
117.899555 270.661549 120.728005 288.108301
158.233345 223.473426 140.686318 221.364749
323.181914 230.139725 305.630133 228.081229
107.821442 216.910373 109.866856 234.463345
88.242584 340.638547 86.219986 358.193551
236.506228 416.833057 238.503121 399.275836
135.590182 174.688592 118.029093 172.738796
133.120886 99.337166 115.556712 101.246958
101.391184 110.805355 99.563523 93.235417
188.104692 101.667806 205.680876 99.945071
156.991025 228.182920 139.414208 226.472167
351.668726 285.403551 334.363370 281.932993
155.682953 100.084016 138.096108 101.521527
205.692246 106.609009 188.103542 107.811005
254.315523 252.799997 271.903556 253.930896
483.101563 104.768587 500.688072 105.815802
253.085925 203.637078 270.669004 202.706004
230.372745 509.488277 231.258772 491.906940
190.585137 125.971990 208.161247 125.196104
375.684327 253.555253 358.185516 252.288826
488.579769 366.811666 489.972599 349.323041
189.396619 241.508590 206.909406 242.541862
368.096544 230.310687 385.566521 228.729065
138.128068 151.800159 155.649864 152.518549
574.385114 149.624798 556.863227 150.334230
208.114297 150.316617 190.592020 150.924744
208.122652 134.305292 190.600429 134.895412
158.537766 153.138161 159.096447 135.616118
436.781841 252.665161 419.376406 250.613077
80.205829 283.073492 82.342866 265.682492
189.369104 193.441658 206.886306 193.767837
273.133913 249.925230 255.618261 250.208969
155.641346 154.564607 138.126239 154.294613
409.826043 316.884729 409.612787 299.372104
156.880227 135.132212 139.368939 134.946476
138.119939 132.626698 155.630828 132.448853
235.043518 494.371041 235.147198 511.877830
323.125071 204.345191 305.625172 204.303262
40.627464 161.742405 23.133505 161.417310
208.130373 160.385364 190.639165 159.993210
230.701026 128.564390 248.177237 129.209175
140.472244 334.749527 156.590141 341.323419
297.054557 493.939112 313.148219 500.568633
317.162410 488.930095 331.733953 498.343338
167.587839 398.776080 182.010392 407.911244
156.972082 406.742830 143.269648 396.678073
400.663168 289.255175 384.464118 284.095224
237.822928 299.696650 253.988329 294.436654
262.921774 103.633003 246.531831 108.122057
370.802425 346.225223 354.409401 341.749016
375.263563 516.164802 389.380338 525.617028
360.111910 516.396725 374.257573 525.801620
351.666427 411.202754 367.639730 416.969216
329.993806 516.408710 316.768539 505.757185
234.461321 300.285289 218.003459 296.103316
499.538436 114.416259 503.694475 97.953204
215.972807 283.019375 200.093327 277.036034
239.288780 46.512116 255.794957 42.590322
139.448714 270.309135 155.966005 274.163784
116.668078 84.727942 133.192209 80.916369
133.325974 84.055713 116.768347 87.631088
323.326383 234.623995 306.741722 231.287479
182.055922 143.392721 185.162530 126.788473
215.839213 219.350973 199.218400 216.556378
309.245734 78.557910 325.870657 75.927790
361.680858 139.386877 378.306105 136.779982
282.126702 520.316445 269.110824 509.698848
384.300574 475.717795 397.398196 486.222672
144.499054 316.602677 159.750641 323.550394
573.264082 372.511665 589.528122 376.199748
424.591567 364.627245 408.295370 361.090080
135.614199 218.177730 119.281354 214.832173
119.295424 222.264485 135.629745 225.601773
273.829927 347.015486 277.087945 330.667438
65.560932 198.447053 81.909917 201.699485
90.498524 86.217528 74.132765 89.365768
133.274883 184.712489 116.852008 182.014981
119.295053 212.376455 135.725294 214.995921
385.782154 86.645843 369.344420 89.176356
116.807983 179.816272 133.248305 182.313097
198.269028 215.910014 181.825631 213.455770
118.083700 202.153133 134.527953 204.594948
134.457538 180.042071 118.006386 177.712711
479.342739 137.154039 495.806231 139.057464
134.420702 77.311112 117.958509 79.036273
249.266224 157.582561 233.015949 155.084347
116.957740 148.837808 133.207309 151.340604
486.869327 255.661147 470.627033 253.112048
324.431577 98.504661 308.170143 100.927934
116.872822 184.389683 133.135750 186.802546
135.647150 211.738736 119.419546 209.100952
118.189208 175.178428 134.462253 177.518142
133.156609 189.185521 116.940824 186.480419
156.900385 187.943415 140.619081 185.667342
133.152980 89.584901 116.859251 91.756853
115.601556 99.196018 131.899392 97.061218
111.271959 199.434847 109.650628 183.097646
206.928669 248.825674 190.590374 247.229413
119.446548 139.873817 135.786430 141.430140
220.640343 240.437027 236.985504 241.771200
213.190902 227.901966 196.847774 228.950722
161.811160 141.991515 178.150135 141.071270
88.713950 404.473224 89.586555 388.136300
246.888212 102.147382 230.555375 102.939636
326.836527 66.390175 310.589642 67.679430
179.357933 189.605117 163.104628 188.399686
475.772004 192.263127 492.030238 193.394834
178.055220 411.986628 164.235646 403.347929
388.120022 481.882393 374.605245 472.783030
231.904615 134.981598 248.177674 135.730625
134.313368 148.654667 118.136942 146.772373
230.891079 152.103633 247.065549 153.998386
206.902774 244.689224 190.630008 244.206254
116.866300 131.365567 133.132903 131.087753
159.388508 320.594288 144.516492 314.053295
159.191692 331.008200 144.551944 324.005103
484.221118 43.484164 500.209957 40.722276
251.158497 327.557259 263.937081 317.564970
230.429045 268.706499 245.790755 273.883119
48.557816 259.825698 63.144431 266.834560
476.430478 200.403244 492.055119 203.451862
281.248210 313.816420 291.851248 325.646289
578.083377 393.241149 563.202614 387.908420
398.893342 482.124728 386.383189 472.515269
280.306712 273.256108 286.314479 287.840992
37.654614 321.643791 25.021086 312.255575
305.770745 329.301593 298.729061 315.320755
185.460295 363.453600 199.453879 370.467631
79.595869 372.762856 66.239745 364.617045
22.986997 206.712892 21.174584 222.231168
297.731620 500.262742 312.002779 506.586640
259.025719 474.282058 263.001182 459.342053
308.003360 142.347605 323.217632 139.967010
388.096855 411.914845 400.559377 420.717903
36.951686 349.264381 24.412157 340.571401
390.846064 362.761222 377.833966 354.853920
131.883913 94.430207 116.871586 96.853853
357.294239 58.192465 359.710252 43.178950
131.924974 209.094366 146.895434 211.760252
175.638696 103.216636 160.600964 105.464184
119.459694 217.668289 134.409203 220.440558
178.225681 226.159771 163.172056 224.040716
176.947577 241.349665 161.889595 239.269358
179.413920 125.921248 164.345557 127.900891
176.852028 88.013356 161.967795 91.075982
269.417995 257.761950 254.333489 255.975519
178.206927 231.158464 163.118337 229.433273
42.217442 319.738436 55.451864 327.182798
204.398345 295.403828 189.302648 293.810478
334.858750 387.010103 348.135972 394.355166
254.301132 260.853858 269.402953 259.761416
292.923958 41.384120 307.559536 45.260147
479.599150 401.932562 480.189679 386.809193
253.109827 215.399878 268.209732 214.382129
41.820077 159.629142 56.936851 160.181122
179.437594 317.994277 165.817649 311.472665
188.669621 325.598558 202.557967 331.524311
99.442082 247.596284 105.063098 261.598777
249.318192 255.768056 235.297282 250.200266
203.362645 348.976019 197.831891 363.009482
261.737070 313.000613 251.656926 324.178340
133.119005 143.209190 118.106116 142.140206
359.319108 235.252280 374.337785 236.209123
398.614959 519.426733 400.195061 504.461586
89.257743 331.868587 90.079391 316.845160
492.452210 216.905765 493.252987 201.881822
242.902143 232.375670 227.984754 230.476715
118.115758 159.611713 133.141657 160.198350
24.383820 338.192862 9.473225 340.130761
479.363025 153.651113 494.396053 153.752472
425.336133 141.002313 439.592872 136.283204
206.899955 205.180754 191.947137 204.340811
187.933423 178.517725 202.486010 175.265628
20.895109 189.943397 23.370832 204.545255
178.099609 283.195659 164.330836 278.247902
404.323261 367.012632 390.628905 361.864613
416.646878 526.215144 403.002852 520.940993
424.345764 380.726130 410.322298 376.672087
321.535630 379.959739 334.142113 387.276267
178.342844 367.722097 165.532652 360.795798
359.440045 479.253764 346.609428 472.369998
409.096915 427.433824 422.112085 433.910498
35.932216 345.203927 47.660849 353.761170
336.643634 203.282386 350.832154 205.614892
325.299162 310.714435 311.456121 307.346900
296.888324 319.371965 300.051250 333.255709
488.871976 515.113046 477.118234 507.102146
160.523172 82.595794 174.478066 79.910642
78.067448 195.944379 92.039499 198.462125
76.739721 237.146636 90.822928 238.398687
24.152560 189.780612 38.153654 191.661727
143.108239 70.403192 157.155856 69.341658
114.305966 89.263968 113.130295 103.230667
162.976035 175.024207 176.934295 176.119028
118.173971 89.649985 131.932828 87.199718
298.130934 505.612735 310.710181 511.698944
409.224864 443.451208 421.913589 449.291155
274.329807 225.937098 288.151992 227.938599
347.775252 477.644667 360.489870 483.422373
183.303020 59.508488 169.460526 61.289666
274.898032 300.938003 269.380294 288.122721
304.139485 310.683981 307.527256 324.211654
423.287375 437.714068 410.339380 432.597837
119.104286 348.080181 119.740099 361.972707
458.269720 287.744431 471.266931 292.686921
438.184107 142.699812 424.326119 143.692885
234.429620 249.854233 220.572048 248.872220
48.075879 354.449698 59.671554 362.074908
117.710694 321.584458 122.261859 334.675085
485.603598 71.538959 499.418553 71.352536
219.365185 199.230439 233.136570 198.295412
62.577877 285.658311 61.739187 271.883269
106.896453 160.206452 93.118580 159.500265
58.482470 156.892797 59.168419 143.114715
157.761512 450.656075 158.244430 436.879186
253.114721 209.079059 266.891517 208.600537
93.137904 205.218194 79.362115 204.781226
335.448783 53.780246 348.642368 49.871182
338.122715 146.742954 351.875212 146.771065
223.094897 124.210691 236.619922 121.732744
416.652509 289.274736 430.139347 291.884641
349.248896 510.804419 360.307415 518.576856
426.903838 503.078772 415.437316 495.925868
364.378379 431.866694 351.908188 426.793424
466.404160 441.498026 454.555600 435.107870
478.328765 332.500913 465.557691 328.331152
475.237009 227.728764 488.440580 230.163862
345.265847 422.593328 333.265763 416.593466
427.018951 322.649449 414.181705 318.763560
275.242797 287.918926 278.319595 300.875625
310.207064 30.112617 323.164117 27.039952
203.619136 420.326255 214.010756 428.583401
414.415821 316.708031 427.075920 319.803175
115.321828 425.588607 102.642305 428.576873
156.984921 69.849951 169.673187 66.913411
411.894001 244.291097 399.195994 241.415430
190.464053 138.442862 203.230925 136.238473
306.844601 525.678559 295.652636 519.326308
143.015854 78.025197 155.735912 76.996645
365.685163 336.539815 353.140586 334.288167
525.640888 238.034351 513.088321 235.834275
92.166668 315.263721 89.259729 302.859084
199.433547 82.229543 186.863488 84.305285
269.425514 160.989681 256.821060 162.735579
176.968441 236.082529 164.349110 234.594572
147.785564 73.209134 135.591349 76.759420
440.729665 65.557748 428.107279 66.674743
217.627131 189.331232 216.517511 201.953461
57.029077 124.387787 58.076492 111.767233
93.669624 224.415078 94.598000 211.799424
184.786530 430.595749 185.683100 443.209717
106.290433 365.837602 110.130722 353.817713
477.111355 507.164995 465.266551 502.861609
91.763540 100.636209 93.020528 113.135506
594.368785 193.193648 581.858166 192.060926
164.353006 157.774007 176.882138 156.988921
244.092567 285.018249 256.502857 286.869606
421.870325 222.836464 434.407543 222.633308
49.114722 373.157471 49.525734 360.629945
88.132961 242.158889 75.607758 242.510107
65.014828 301.617553 75.618241 308.135994
468.213927 107.175038 480.601441 106.464359
352.031479 417.725544 363.482884 422.211401
404.548497 373.897457 393.005552 369.703776
356.068193 519.884066 366.556403 526.157633
237.580802 241.827869 248.698372 246.857646
479.353299 118.025371 491.133483 115.459472
236.587683 121.120690 248.342201 123.055326
146.761104 197.368053 158.263569 200.025136
256.703698 61.008648 268.243993 58.726802
162.874270 88.106221 174.414655 85.825670
145.539458 183.615133 157.092047 185.631375
234.183933 204.363666 245.737477 206.145827
270.730802 178.389307 259.211010 177.152798
421.748716 372.341858 410.635605 369.335796
350.478252 390.290504 340.825344 384.064388
235.546742 94.993054 246.931738 93.583168
93.037922 114.919514 104.423045 113.514244
198.198126 225.104582 186.811937 226.245821
236.822778 141.181795 248.207110 142.249535
316.941170 264.584937 305.578111 263.862005
368.027698 30.295565 379.388594 29.595668
285.678513 519.369135 284.445308 508.117294
162.247752 439.397668 161.561518 450.681953
291.931116 454.443780 292.525360 443.159248
21.910121 132.447332 10.625647 131.862507
265.637265 263.503241 254.358591 263.868960
308.401130 48.107505 308.530406 59.384682
101.887023 122.497191 113.156969 122.279420
498.121879 182.271063 509.361329 182.359644
217.944172 304.985530 228.499159 308.111726
489.142030 33.980636 499.813317 32.468748
301.128881 266.093694 292.102432 260.272348
159.392312 391.854213 167.632255 398.716654
74.488807 301.580852 64.528866 297.727316
62.376995 319.818243 63.928666 309.309099
257.964231 143.742620 268.252627 141.127018
199.706548 371.569279 206.890794 379.360436
159.842946 387.114045 161.279204 376.792097
184.756114 58.246715 194.684314 55.488290
269.272155 487.115491 271.385560 477.034445
24.454193 295.312539 14.210523 296.177813
20.878694 139.312143 20.235422 149.508148
280.506399 95.784109 290.670302 95.269155
288.483351 303.689233 283.099914 295.181871
369.403801 226.488404 359.366386 225.740623
532.031240 135.190995 541.908466 133.299784
20.743104 114.360489 20.614306 124.406914
349.592400 347.656891 340.484705 343.427087
198.113505 131.237947 208.133423 131.425865
475.685520 425.484309 466.486822 421.527407
303.164280 267.178460 313.147088 267.592732
459.490113 109.992799 469.154581 108.192038
675.172834 515.286618 681.014305 507.480893
335.335564 408.538692 343.306545 414.115517
480.612276 210.679025 489.739207 212.828609
269.320601 280.666809 274.940816 287.979430
461.966998 350.332907 453.290323 347.600100
361.840559 116.702507 370.735130 114.926575
186.130335 66.962471 185.082494 58.041895
469.423625 252.801606 460.683278 251.487409
21.925701 229.306413 13.140626 228.968620
52.777081 361.867810 52.595809 370.639895
20.624625 205.535037 11.869567 205.571526
11.982702 210.149875 20.708017 209.685781
23.133092 276.481231 14.412465 276.302011
47.985829 326.937583 39.333103 326.020149
576.358842 380.938043 584.610171 383.662850
265.773829 376.937637 269.019605 369.225428
502.069656 25.675884 504.144628 17.738028
11.649177 186.827463 19.428518 187.543786
197.947896 60.584690 205.671794 60.046201
186.118610 273.214010 185.213933 265.526276
13.716552 235.762884 21.132515 233.695660
470.195335 333.045306 477.320608 335.661269
411.865308 374.728303 419.393933 374.934824
21.880920 252.834344 14.384030 252.681649
271.759771 104.169143 264.326482 104.485690
457.000497 357.548800 464.160829 359.108332
36.329545 290.229003 30.189280 286.307195
373.665154 382.951278 366.957874 380.406564
19.892969 150.374597 20.834515 157.022367
190.485123 132.221126 196.966780 131.218072
226.906768 230.651998 221.845245 230.520524
